0.0 1.0
1.0e-2 0.99
2.0e-2 0.9801
3.0e-2 0.970299
4.0e-2 0.9605960100000001
5.0e-2 0.9509900499
6.0000000000000005e-2 0.941480149401
7.0e-2 0.93206534790699
8.0e-2 0.9227446944279202
9.0e-2 0.9135172474836409
9.999999999999999e-2 0.9043820750088045
0.10999999999999999 0.8953382542587165
0.11999999999999998 0.8863848717161293
0.12999999999999998 0.8775210229989681
0.13999999999999999 0.8687458127689783
0.15 0.8600583546412885
0.16 0.8514577710948756
0.17 0.8429431933839269
0.18000000000000002 0.8345137614500876
0.19000000000000003 0.8261686238355868
0.20000000000000004 0.8179069375972309
0.21000000000000005 0.8097278682212585
0.22000000000000006 0.801630589539046
0.23000000000000007 0.7936142836436555
0.24000000000000007 0.785678140807219
0.25000000000000006 0.7778213593991468
0.26000000000000006 0.7700431458051553
0.2700000000000001 0.7623427143471038
0.2800000000000001 0.7547192872036327
0.2900000000000001 0.7471720943315964
0.3000000000000001 0.7397003733882804
0.3100000000000001 0.7323033696543976
0.3200000000000001 0.7249803359578536
0.3300000000000001 0.717730532598275
0.34000000000000014 0.7105532272722923
0.35000000000000014 0.7034476949995694
0.36000000000000015 0.6964132180495737
0.37000000000000016 0.6894490858690779
0.38000000000000017 0.6825545950103872
0.3900000000000002 0.6757290490602833
0.4000000000000002 0.6689717585696805
0.4100000000000002 0.6622820409839837
0.4200000000000002 0.6556592205741438
0.4300000000000002 0.6491026283684024
0.4400000000000002 0.6426116020847183
0.45000000000000023 0.6361854860638712
0.46000000000000024 0.6298236312032325
0.47000000000000025 0.6235253948912002
0.48000000000000026 0.6172901409422882
0.49000000000000027 0.6111172395328653
0.5000000000000002 0.6050060671375367
0.5100000000000002 0.5989560064661613
0.5200000000000002 0.5929664464014998
0.5300000000000002 0.5870367819374848
0.5400000000000003 0.5811664141181099
0.5500000000000003 0.5753547499769288
0.5600000000000003 0.5696012024771595
0.5700000000000003 0.563905190452388
0.5800000000000003 0.5582661385478641
0.5900000000000003 0.5526834771623854
0.6000000000000003 0.5471566423907616
0.6100000000000003 0.5416850759668539
0.6200000000000003 0.5362682252071853
0.6300000000000003 0.5309055429551135
0.6400000000000003 0.5255964875255623
0.6500000000000004 0.5203405226503067
0.6600000000000004 0.5151371174238036
0.6700000000000004 0.5099857462495656
0.6800000000000004 0.50488588878707
0.6900000000000004 0.49983702989919926
0.7000000000000004 0.4948386596002073
0.7100000000000004 0.48989027300420523
0.7200000000000004 0.48499137027416317
0.7300000000000004 0.48014145657142154
0.7400000000000004 0.47534004200570734
0.7500000000000004 0.4705866415856503
0.7600000000000005 0.46588077516979376
0.7700000000000005 0.46122196741809585
0.7800000000000005 0.4566097477439149
0.7900000000000005 0.45204365026647575
0.8000000000000005 0.447523213763811
0.8100000000000005 0.44304798162617287
0.8200000000000005 0.43861750180991116
0.8300000000000005 0.43423132679181203
0.8400000000000005 0.4298890135238939
0.8500000000000005 0.425590123388655
0.8600000000000005 0.42133422215476846
0.8700000000000006 0.4171208799332208
0.8800000000000006 0.4129496711338886
0.8900000000000006 0.4088201744225497
0.9000000000000006 0.4047319726783242
0.9100000000000006 0.400684652951541
0.9200000000000006 0.3966778064220256
0.9300000000000006 0.39271102835780536
0.9400000000000006 0.3887839180742273
0.9500000000000006 0.38489607889348504
0.9600000000000006 0.38104711810455016
0.9700000000000006 0.37723664692350467
0.9800000000000006 0.3734642804542696
0.9900000000000007 0.3697296376497269
